8	 	 ! NBFR
M2		 ! BOUNTAG, AMIG, FF, FACE
0.0001405189 0.963725  347.763184
S2		 ! BOUNTAG, AMIG, FF, FACE
0.0001454441 1.000000  120.000000
N2		 ! BOUNTAG, AMIG, FF, FACE
0.0001378797 0.963725  14.884498
K2		 ! BOUNTAG, AMIG, FF, FACE
0.0001458423 1.312560  310.896512
K1		 ! BOUNTAG, AMIG, FF, FACE
0.0000729212 1.111528  245.366481
O1		 ! BOUNTAG, AMIG, FF, FACE
0.0000675977 1.181039  101.863795
P1		 ! BOUNTAG, AMIG, FF, FACE
0.0000725229 1.000000  235.969675
Q1		 ! BOUNTAG, AMIG, FF, FACE
0.0000649585 1.181039  128.985109
M2
      1.084045    275.435363
      1.079564    274.194768
      1.075307    272.836094
      1.071614    271.462010
      1.068739    270.172742
      1.072083    268.921729
      1.082146    267.387445
      1.093476    265.818573
      1.107966    263.997941
      1.123154    261.891996
      1.142315    259.098372
      1.180456    254.369897
      1.181263    252.503970
      1.182997    250.865257
      1.186246    248.959665
      1.179333    246.853480
      1.170879    245.524368
      1.163730    244.280042
      1.155559    242.370720
      1.146866    240.093764
      1.143113    238.911772
      1.140320    237.905950
      1.134955    235.838799
      1.133675    235.298991
      1.132498    234.760414
      1.131857    234.444157
      1.131178    234.091438
      1.130154    233.506054
      1.126669    232.052403
      1.125438    230.449347
      1.124104    229.769218
      1.123172    229.120025
      1.122573    228.697641
      1.121139    228.144431
      1.121396    227.626025
      1.121954    227.007778
      1.122756    226.298103
      1.122932    225.418659
      1.123186    224.465045
      1.121826    223.308559
      1.117934    221.992076
      1.111696    220.675807
      1.103758    219.509322
      1.094780    218.463312
      1.100413    217.011296
      1.103006    215.797560
      1.106259    214.491289
      1.109479    212.922627
      1.112692    211.520497
      1.115807    210.202972
      1.118784    208.891509
      1.121733    207.588808
      1.124585    206.322280
      1.128281    204.779278
      1.131632    203.400110
      1.135233    202.082249
      1.136944    200.944897
      1.138757    199.772231
      1.139298    198.703966
      1.140235    197.693899
      1.141956    196.566594
      1.144107    195.472001
      1.146818    194.350053
      1.148707    193.343675
      1.150511    192.328667
      1.150756    191.461501
      1.150893    190.641546
      1.150154    189.845796
      1.148676    188.963343
      1.146660    188.197805
      1.147183    187.675040
      1.141678    186.977314
      1.137538    186.389302
      1.155504    187.107001
      1.188241    188.355237
      1.209006    189.052986
      1.235397    189.806266
      1.254054    190.279131
      1.269831    190.594044
      1.287243    190.898929
      1.304080    191.155971
      1.329267    191.445817
      1.347888    191.600400
      1.368566    191.736927
      1.384853    191.812332
      1.403693    191.885997
      1.427313    191.976418
      1.467030    192.248050
      1.485786    192.436013
      1.504628    192.658082
      1.513341    192.758953
      1.535633    193.009908
      1.549718    193.159602
      1.561468    193.282333
      1.572627    193.397067
      1.588033    193.619615
      1.601253    193.978218
      1.608973    194.184135
      1.613120    194.293674
      1.617688    194.413605
      1.623225    194.557513
      1.627667    194.781877
      1.632196    195.288127
      1.636304    195.732115
      1.638180    195.932053
      1.639891    196.111712
      1.641838    196.312288
S2
      0.386945    130.403199
      0.387925    128.917103
      0.389300    127.312281
      0.390970    125.714046
      0.392803    124.236915
      0.400071    122.609035
      0.414483    120.500964
      0.430082    118.455524
      0.449267    116.213513
      0.468737    113.839235
      0.491715    110.933307
      0.533614    106.466703
      0.538835    105.282217
      0.543615    104.258922
      0.549413    103.087012
      0.547063    101.990745
      0.543487    101.206751
      0.540485    100.465250
      0.538916     99.172449
      0.533917     96.818903
      0.531704     95.593934
      0.530022     94.549904
      0.527101     92.347849
      0.526463     91.763447
      0.525884     91.180185
      0.525569     90.837705
      0.525242     90.455593
      0.524750     89.821558
      0.523022     88.290622
      0.521358     86.659914
      0.520675     85.959838
      0.520186     85.278734
      0.520070     84.793397
      0.520453     84.068188
      0.520524     83.484261
      0.520581     82.795739
      0.520739     82.004874
      0.520675     81.053311
      0.520673     80.022060
      0.520033     78.766505
      0.517605     77.392578
      0.514006     76.006226
      0.510113     74.711234
      0.505765     73.614157
      0.505540     72.369586
      0.505207     71.297181
      0.504997     70.136079
      0.504366     68.737464
      0.503800     67.460027
      0.503154     66.226458
      0.502506     64.956951
      0.501916     63.659920
      0.501240     62.423883
      0.500403     60.936696
      0.499477     59.524626
      0.498715     58.137449
      0.497432     56.959681
      0.496119     55.742420
      0.494013     54.660172
      0.492282     53.605668
      0.490967     52.329269
      0.489562     51.108920
      0.487915     49.879667
      0.486295     48.745314
      0.484689     47.580055
      0.482556     46.593489
      0.480454     45.649473
      0.477761     44.692716
      0.474745     43.631081
      0.472069     42.712845
      0.470401     42.044678
      0.466431     41.180919
      0.462722     40.443670
      0.469392     41.235842
      0.482401     42.742924
      0.490871     43.531552
      0.501336     44.429663
      0.508460     45.014172
      0.514477     45.415256
      0.520790     45.813455
      0.526879     46.154514
      0.537180     46.530316
      0.543875     46.722240
      0.551561     46.924427
      0.557924     47.077385
      0.565295     47.212490
      0.574553     47.364399
      0.590370     47.699471
      0.597665     47.908561
      0.604881     48.146626
      0.608222     48.254974
      0.616447     48.493890
      0.620501     48.526860
      0.623880     48.554011
      0.627089     48.579471
      0.631114     48.730757
      0.633542     49.159829
      0.634971     49.407933
      0.635742     49.540464
      0.636593     49.685899
      0.637631     49.861221
      0.637989     50.170206
      0.637188     50.918640
      0.636575     51.580216
      0.636322     51.879294
      0.636110     52.148971
      0.635894     52.451183
N2
      0.196914    261.734903
      0.195689    260.506357
      0.194465    259.154584
      0.193344    257.781392
      0.192400    256.486968
      0.192149    255.165170
      0.192514    253.468962
      0.193074    251.708021
      0.193974    249.631657
      0.195096    247.362773
      0.196763    244.503950
      0.200646    239.636083
      0.200691    238.264637
      0.200826    237.059225
      0.201096    235.654200
      0.200696    234.355321
      0.200908    233.694132
      0.201185    233.090426
      0.201906    232.121947
      0.201497    230.040089
      0.201391    228.968251
      0.201356    228.060726
      0.201176    226.002720
      0.201126    225.432237
      0.201097    224.864036
      0.201089    224.530857
      0.201089    224.159708
      0.201106    223.544680
      0.201184    222.011176
      0.201358    220.312526
      0.201465    219.606870
      0.201649    218.919208
      0.201956    218.429185
      0.202760    217.729443
      0.203205    217.132695
      0.203782    216.421635
      0.204483    215.609615
      0.205089    214.657352
      0.205818    213.641113
      0.207072    212.511204
      0.207642    211.105759
      0.207543    209.747587
      0.206898    208.731382
      0.206045    207.708719
      0.206698    206.160432
      0.206665    204.880554
      0.206741    203.497641
      0.206925    201.852030
      0.207193    200.346994
      0.207523    198.889936
      0.207723    197.447878
      0.207835    196.019681
      0.208306    194.679186
      0.209251    193.096948
      0.209754    191.673596
      0.210188    190.306786
      0.210744    188.940612
      0.211427    187.501713
      0.211156    186.223935
      0.211090    185.030550
      0.211500    183.774389
      0.211789    182.571202
      0.211934    181.353470
      0.212462    180.241147
      0.213233    179.114301
      0.212970    178.206283
      0.212720    177.326657
      0.212929    176.311873
      0.212825    175.276209
      0.212355    174.467830
      0.212410    173.818338
      0.211624    173.021381
      0.210950    172.372688
      0.213815    172.970786
      0.219525    173.920396
      0.223228    174.341380
      0.228005    174.973247
      0.231779    175.408112
      0.235137    175.556924
      0.238778    175.741233
      0.242238    175.918804
      0.247240    176.108049
      0.251312    176.174169
      0.255623    176.152776
      0.258779    176.042672
      0.262602    175.986081
      0.267418    175.954840
      0.274278    176.056143
      0.277740    176.160084
      0.281352    176.295897
      0.283021    176.357571
      0.287281    176.469806
      0.289944    176.389533
      0.292164    176.323784
      0.294272    176.262034
      0.297366    176.275516
      0.300499    176.534617
      0.302325    176.682917
      0.303304    176.761622
      0.304382    176.847744
      0.305687    176.950799
      0.306924    177.121768
      0.308668    177.519643
      0.310218    177.866722
      0.310921    178.022450
      0.311556    178.162086
      0.312272    178.317697
K2
      0.117239    124.547280
      0.117681    123.309104
      0.118226    121.975517
      0.118834    120.649546
      0.119459    119.425867
      0.121016    118.059796
      0.123896    116.244356
      0.127028    114.440632
      0.130903    112.412221
      0.135114    110.195071
      0.140475    107.419652
      0.150493    102.987093
      0.152951    101.331509
      0.155215     99.918925
      0.157975     98.321762
      0.158621     96.612717
      0.158052     95.568218
      0.157612     94.596471
      0.157614     93.020631
      0.155742     90.975278
      0.154859     89.906225
      0.154155     88.992392
      0.152722     86.985916
      0.152361     86.438835
      0.152016     85.891560
      0.151820     85.569611
      0.151607     85.209873
      0.151268     84.611729
      0.150358     82.998982
      0.149488     81.276296
      0.149100     80.502828
      0.148800     79.778696
      0.148738     79.306853
      0.148790     78.579735
      0.148514     77.952187
      0.147976     77.124853
      0.147396     76.167092
      0.146691     75.109658
      0.146016     73.966329
      0.145685     72.659676
      0.144704     71.081842
      0.143435     69.499595
      0.142253     68.180049
      0.140729     66.869470
      0.141075     65.753636
      0.140987     64.567387
      0.140940     63.282858
      0.140709     61.729873
      0.140694     60.356416
      0.140895     59.096477
      0.140856     57.894374
      0.140621     56.737950
      0.140454     55.523921
      0.140346     53.959253
      0.140021     52.678692
      0.139660     51.487378
      0.139635     50.379478
      0.139696     49.220566
      0.139425     48.157181
      0.139238     47.193399
      0.139172     46.303770
      0.138900     45.347861
      0.138379     44.252435
      0.137928     43.194753
      0.137508     42.085952
      0.137588     41.185703
      0.137602     40.328071
      0.136730     39.399671
      0.135799     38.349129
      0.135023     37.420086
      0.134738     36.946273
      0.133848     36.299900
      0.133057     35.540338
      0.135044     36.331045
      0.138302     37.574454
      0.140340     38.360422
      0.142455     39.308899
      0.143964     39.823688
      0.145058     40.338872
      0.146922     40.844038
      0.148931     41.305419
      0.150762     42.091144
      0.152139     42.222212
      0.153703     42.447135
      0.154974     42.727417
      0.156427     42.959080
      0.158239     43.202452
      0.161252     43.560077
      0.162712     43.748578
      0.164199     43.947996
      0.164888     44.039163
      0.166480     44.251250
      0.166880     44.322133
      0.167213     44.380962
      0.167530     44.436561
      0.167940     44.626816
      0.168228     45.083582
      0.168401     45.348580
      0.168495     45.490408
      0.168599     45.646249
      0.168727     45.834421
      0.168743     46.137424
      0.168546     46.836904
      0.168394     47.455098
      0.168330     47.734567
      0.168277     47.986543
      0.168223     48.268880
K1
      0.290227     83.344010
      0.290419     82.732006
      0.290669     82.069746
      0.290955     81.404636
      0.291258     80.786082
      0.291043     80.235926
      0.290296     79.590948
      0.289559     78.916005
      0.288735     78.109157
      0.288048     76.981177
      0.287571     75.249371
      0.287144     72.139722
      0.285597     70.742185
      0.284373     69.499004
      0.283117     68.035145
      0.282369     67.314814
      0.280711     66.854603
      0.279074     66.379713
      0.275348     65.185770
      0.273490     65.295859
      0.272537     65.352993
      0.271730     65.401951
      0.269374     65.627032
      0.268642     65.708630
      0.267911     65.789390
      0.267485     65.837322
      0.267006     65.889899
      0.266218     65.978816
      0.263935     66.327352
      0.262817     67.039958
      0.261786     67.244968
      0.260556     67.492839
      0.258696     67.749636
      0.253867     68.127571
      0.252022     68.510707
      0.249914     69.000792
      0.247518     69.574129
      0.244541     70.101393
      0.241448     70.678061
      0.239062     71.399530
      0.236964     72.068633
      0.235024     72.664549
      0.233070     73.194111
      0.231669     73.584008
      0.233485     74.112911
      0.235271     74.566960
      0.237177     75.060482
      0.238939     75.782322
      0.240506     76.344861
      0.241937     76.765008
      0.243248     77.201367
      0.244460     77.649598
      0.245523     78.034628
      0.246713     78.457083
      0.247726     78.963901
      0.248696     79.493308
      0.249206     79.861346
      0.249703     80.225530
      0.250910     80.613873
      0.251913     80.971357
      0.252434     81.341351
      0.252792     81.722414
      0.252985     82.140046
      0.253110     82.492477
      0.253215     82.837023
      0.253059     83.173758
      0.252886     83.509445
      0.252688     83.917685
      0.252497     84.339485
      0.252356     84.672211
      0.252544     85.024107
      0.252126     85.265062
      0.251788     85.705236
      0.253246     85.940028
      0.256275     86.381019
      0.257955     86.647274
      0.260649     86.987474
      0.262550     87.222703
      0.264207     87.424267
      0.266009     87.640675
      0.267648     87.840088
      0.269441     88.098466
      0.271357     88.285208
      0.273580     88.488684
      0.275402     88.645996
      0.276967     88.803643
      0.278694     88.989435
      0.281895     89.306797
      0.283250     89.470438
      0.284515     89.643908
      0.285101     89.723205
      0.286762     89.938953
      0.288399     90.123059
      0.289766     90.275016
      0.291066     90.417694
      0.293066     90.675485
      0.295319     91.053769
      0.296636     91.271221
      0.297343     91.386912
      0.298123     91.513747
      0.299068     91.665680
      0.300179     91.829535
      0.302212     92.099288
      0.304011     92.333674
      0.304824     92.439319
      0.305558     92.533718
      0.306381     92.638266
O1
      0.158522     45.487036
      0.158772     44.945924
      0.159063     44.361850
      0.159368     43.776021
      0.159668     43.232275
      0.160151     42.771023
      0.160926     42.257340
      0.161751     41.728205
      0.162748     41.105908
      0.163933     40.082438
      0.165636     38.377746
      0.168852     35.439784
      0.169073     34.320299
      0.169317     33.336236
      0.169667     32.191864
      0.170043     31.991919
      0.168868     31.788951
      0.167677     31.543935
      0.164864     30.592969
      0.163496     31.005278
      0.162796     31.219743
      0.162207     31.402980
      0.160851     32.009315
      0.160478     32.208957
      0.160105     32.407688
      0.159889     32.525021
      0.159646     32.655068
      0.159249     32.872861
      0.157882     33.578184
      0.157487     34.640175
      0.156915     34.998000
      0.156302     35.441115
      0.155362     35.986367
      0.152585     36.983129
      0.151531     37.656905
      0.150073     38.471274
      0.148438     39.426297
      0.147030     40.432154
      0.145653     41.526022
      0.144851     42.779626
      0.144058     44.158863
      0.143495     45.404370
      0.143279     46.301378
      0.143683     47.168947
      0.145616     47.705406
      0.147266     48.286884
      0.149068     48.884369
      0.151249     49.356568
      0.153099     49.820650
      0.154695     50.317994
      0.156270     50.795275
      0.157823     51.253711
      0.159184     51.744199
      0.160717     52.381026
      0.162343     52.871608
      0.164000     53.308490
      0.165242     53.731713
      0.166509     54.178766
      0.168050     54.741475
      0.169362     55.250639
      0.170190     55.755538
      0.171112     56.181127
      0.172194     56.541450
      0.173075     56.965098
      0.173927     57.440504
      0.174791     57.910955
      0.175592     58.353517
      0.176100     58.743086
      0.176743     59.188305
      0.177382     59.587509
      0.177806     59.861166
      0.177955     60.183137
      0.178415     60.524350
      0.179216     60.331913
      0.181207     60.051771
      0.182808     59.865530
      0.185236     59.539181
      0.187080     59.377083
      0.188504     59.153105
      0.190668     58.944143
      0.192926     58.794703
      0.195089     58.785830
      0.196912     58.559709
      0.198934     58.433871
      0.200511     58.473276
      0.202821     58.465824
      0.205811     58.442143
      0.207980     58.600771
      0.208870     58.678708
      0.209683     58.759970
      0.210059     58.796929
      0.211049     58.932458
      0.211781     59.163898
      0.212394     59.355686
      0.212978     59.536444
      0.213958     59.870150
      0.215251     60.372673
      0.216011     60.662273
      0.216420     60.816592
      0.216873     60.985884
      0.217422     61.189098
      0.217969     61.445810
      0.218799     61.942832
      0.219544     62.377457
      0.219885     62.573516
      0.220194     62.749315
      0.220542     62.944861
P1
      0.086702     73.160274
      0.087007     72.667946
      0.087346     72.138717
      0.087693     71.609954
      0.088023     71.121102
      0.087930     70.979860
      0.087421     71.111018
      0.086891     71.250728
      0.086261     71.418298
      0.085557     71.308954
      0.084650     70.796683
      0.083050     69.836256
      0.082401     69.287221
      0.081835     68.795267
      0.081182     68.212915
      0.080809     68.143679
      0.080295     67.918154
      0.079785     67.661176
      0.078629     66.688045
      0.078024     66.747783
      0.077713     66.778832
      0.077450     66.805567
      0.076936     67.050936
      0.076807     67.148882
      0.076679     67.245952
      0.076603     67.303337
      0.076519     67.366534
      0.076381     67.472747
      0.075757     68.033183
      0.075472     69.049749
      0.075196     69.424526
      0.074925     69.798059
      0.074557     70.044341
      0.073490     70.414327
      0.073237     70.818232
      0.073012     71.330327
      0.072762     71.922545
      0.071819     72.580661
      0.070811     73.321734
      0.070057     74.375823
      0.069236     75.204266
      0.068489     75.882196
      0.067937     76.529909
      0.067812     76.876077
      0.068471     77.404263
      0.069307     77.779912
      0.070189     78.180105
      0.070894     78.704943
      0.071543     79.119922
      0.072173     79.440192
      0.072636     79.784609
      0.072960     80.149123
      0.073425     80.458104
      0.074132     80.790190
      0.074741     81.330741
      0.075324     81.929250
      0.075592     82.305557
      0.075833     82.663483
      0.076234     82.925298
      0.076581     83.188799
      0.076832     83.555519
      0.077151     83.862156
      0.077567     84.117732
      0.077662     84.411415
      0.077619     84.741299
      0.077863     84.988571
      0.078091     85.188458
      0.078092     85.188459
      0.078291     85.484192
      0.078677     86.044093
      0.078777     86.185925
      0.078777     86.185925
      0.078744     86.564910
      0.078744     86.566367
      0.079350     86.421118
      0.080084     86.248271
      0.080552     86.077442
      0.081449     85.723966
      0.081475     85.485841
      0.082091     85.180596
      0.082858     84.920391
      0.082858     84.920390
      0.083671     84.753145
      0.084592     84.668393
      0.085297     84.712581
      0.085515     84.726104
      0.085558     84.740972
      0.086590     85.089335
      0.086751     85.323622
      0.086718     85.603117
      0.086703     85.732067
      0.086751     86.072372
      0.087082     86.321921
      0.087359     86.528567
      0.087624     86.723276
      0.088010     87.037172
      0.088393     87.424054
      0.088618     87.647620
      0.088739     87.766891
      0.088873     87.897983
      0.089035     88.055245
      0.089126     88.210168
      0.089116     88.437641
      0.089108     88.637423
      0.089105     88.728830
      0.089102     88.810702
      0.089099     88.901252
Q1
      0.020956     19.891938
      0.020723     19.588625
      0.020471     19.253061
      0.020218     18.905987
      0.019983     18.574909
      0.019885     18.436159
      0.019885     18.435221
      0.019885     18.435902
      0.019885     18.435852
      0.019789     18.528111
      0.019547     18.765474
      0.019162     19.094395
      0.019325     18.466642
      0.019470     17.921012
      0.019641     17.294953
      0.019999     17.406771
      0.020017     17.434318
      0.020011     17.424362
      0.019738     17.106676
      0.019800     17.685943
      0.019833     17.982048
      0.019862     18.232273
      0.019961     19.079792
      0.019995     19.357820
      0.020029     19.632608
      0.020050     19.793629
      0.020072     19.971824
      0.020110     20.267346
      0.020628     21.161243
      0.021506     22.191241
      0.021871     22.592275
      0.022180     23.111689
      0.022284     23.847535
      0.022311     25.277144
      0.022440     25.964637
      0.022571     26.640646
      0.022725     27.407367
      0.023039     28.875515
      0.023403     30.453199
      0.023877     32.333863
      0.024748     33.779324
      0.025622     35.107347
      0.026138     36.686548
      0.027025     36.417579
      0.027306     37.201038
      0.027672     37.304855
      0.028056     37.459076
      0.028358     38.247979
      0.028596     38.848157
      0.028771     39.278528
      0.028990     39.805786
      0.029247     40.407214
      0.029450     40.867584
      0.029651     41.315804
      0.029910     41.875849
      0.030188     42.461426
      0.030389     42.873664
      0.030621     43.266420
      0.031661     43.323407
      0.032435     43.363423
      0.032435     43.363423
      0.032668     43.794249
      0.033191     44.727815
      0.033348     45.000000
      0.033348     45.000000
      0.033833     45.815885
      0.034287     46.548158
      0.034287     46.548158
      0.034568     46.988197
      0.035110     47.807898
      0.035250     48.012788
      0.035250     48.012788
      0.035409     48.245204
      0.035739     48.397733
      0.036782     47.412411
      0.037351     47.438330
      0.038303     45.909373
      0.039022     44.927170
      0.039864     44.410913
      0.040207     44.207934
      0.040265     44.024477
      0.040786     42.441424
      0.041386     41.661727
      0.041801     40.741315
      0.041850     39.920953
      0.042022     39.491592
      0.042271     39.214261
      0.042271     39.214441
      0.042494     39.244398
      0.042852     39.293059
      0.043018     39.314860
      0.043399     39.396736
      0.043489     39.541572
      0.043565     39.662001
      0.043637     39.775331
      0.043711     39.893428
      0.043711     39.893335
      0.043711     39.893387
      0.043711     39.893217
      0.043711     39.893493
      0.043711     39.892679
      0.043749     39.952815
      0.043886     40.165362
      0.044007     40.350886
      0.044062     40.435489
      0.044111     40.511029
      0.044167     40.594532

